0.1740385
0.4134615
0.55
0.6673077
0.7173077
0.7788462
0.8067308
0.8336538
0.8557692
0.8730769
0.8817308
0.8932692
0.8961538
0.9086538
0.9173077
0.9230769
0.9298077
0.9326923
0.9375
0.9394231
0.9442308
0.9471154
0.95
0.9557692
0.9586538
0.9625
0.9653846
0.9663462
0.9673077
0.9701923
0.9711538
0.9721154
0.9740385
0.975
0.9778846
0.9788462
0.9798077
0.9817308
0.9836538
0.9846154
0.9865385
0.9894231
0.9894231
0.9894231
0.9903846
0.9903846
0.9913462
0.9913462
0.9923077
0.9932692
0.9932692
0.9932692
0.9942308
0.9942308
0.9942308
0.9942308
0.9942308
0.9961538
0.9961538
0.9961538
0.9971154
0.9980769
0.9980769
0.9980769
0.9980769
0.9980769
0.9980769
0.9980769
0.9980769
0.9980769
0.9980769
0.9980769
0.9980769
0.9980769
0.9980769
0.9980769
0.9980769
0.9980769
0.9980769
0.9980769
0.9980769
0.9980769
0.9980769
0.9980769
0.9980769
0.9980769
0.9980769
0.9980769
0.9980769
0.9980769
0.9980769
0.9980769
0.9980769
0.9980769
0.9980769
0.9980769
0.9980769
0.9980769
0.9980769
0.9980769
0.9980769
0.9980769
0.9980769
0.9980769
0.9980769
0.9980769
0.9980769
0.9980769
0.9980769
0.9990385
0.9990385
0.9990385
0.9990385
0.9990385
0.9990385
0.9990385
0.9990385
0.9990385
0.9990385
0.9990385
0.9990385
0.9990385
0.9990385
0.9990385
0.9990385
0.9990385
0.9990385
0.9990385
0.9990385
1
1
1
1
1
1
1
