0.1735941
0.399348
0.5207824
0.6193969
0.6788916
0.7652812
0.803586
0.8418908
0.8541157
0.8704156
0.8801956
0.8932355
0.9038305
0.9103504
0.9168704
0.9193154
0.9209454
0.9250204
0.9282804
0.9339853
0.9405053
0.9462103
0.9478403
0.9478403
0.9494703
0.9535452
0.9559902
0.9592502
0.9633252
0.9665852
0.9674002
0.9698452
0.9698452
0.9714751
0.9714751
0.9722901
0.9731051
0.9739201
0.9747351
0.9755501
0.9755501
0.9755501
0.9755501
0.9763651
0.9771801
0.9771801
0.9779951
0.9788101
0.9796251
0.9804401
0.9812551
0.9812551
0.9812551
0.9812551
0.9812551
0.9812551
0.9837001
0.9837001
0.9837001
0.9853301
0.9853301
0.9861451
0.9869601
0.9869601
0.9877751
0.9885901
0.9885901
0.9885901
0.9894051
0.9894051
0.9894051
0.9894051
0.9894051
0.9894051
0.9894051
0.9894051
0.9894051
0.9894051
0.9894051
0.9894051
0.9894051
0.9894051
0.9894051
0.99022
0.99022
0.991035
0.99185
0.992665
0.992665
0.992665
0.99348
0.99348
0.994295
0.994295
0.994295
0.994295
0.99511
0.99511
0.99511
0.995925
0.995925
0.995925
0.99674
0.99674
0.99674
0.99674
0.99674
0.99674
0.99674
0.99674
0.99674
0.99674
0.99674
0.997555
0.99837
0.99837
0.99837
0.99837
0.999185
0.999185
0.999185
0.999185
0.999185
0.999185
0.999185
0.999185
0.999185
0.999185
0.999185
0.999185
0.999185
0.999185
0.999185
0.999185
0.999185
0.999185
0.999185
0.999185
0.999185
0.999185
0.999185
0.999185
0.999185
0.999185
0.999185
0.999185
0.999185
0.999185
0.999185
0.999185
0.999185
0.999185
0.999185
0.999185
0.999185
0.999185
0.999185
0.999185
0.999185
0.999185
1
1
1
1
1
1
1
1
1
1
1
1
1
1
1
1
1
1
1
1
1
1
1
1
1
1
1
1
1
1
1
1
1
1
1
1
1
1
1
1
1
1
1
1
1
1
1
1
1
1
1
1
1
1
1
1
1
1
1
1
1
1
1
1
1
1
1
1
1
1
1
1
1
1
1
1
1
1
1
