0.1696284
0.3505654
0.4773829
0.6058158
0.6688207
0.7399031
0.773021
0.8012924
0.8206785
0.8408724
0.8659128
0.8844911
0.904685
0.9159935
0.9264943
0.9378029
0.9426494
0.9483037
0.950727
0.953958
0.9612278
0.9660743
0.9668821
0.9693053
0.9733441
0.9749596
0.9781906
0.9789984
0.9806139
0.9822294
0.9830372
0.9838449
0.9838449
0.9846527
0.9862682
0.9862682
0.9870759
0.9878837
0.9886914
0.9894992
0.9894992
0.9894992
0.9894992
0.9903069
0.9903069
0.9903069
0.9911147
0.9911147
0.9919225
0.9919225
0.9927302
0.993538
0.993538
0.993538
0.993538
0.993538
0.993538
0.993538
0.993538
0.993538
0.993538
0.9943457
0.9943457
0.9943457
0.9951535
0.9951535
0.9959612
0.9959612
0.9959612
0.9959612
0.9959612
0.9959612
0.9959612
0.9959612
0.9959612
0.9959612
0.9959612
0.9959612
0.9959612
0.9959612
0.9959612
0.9959612
0.9959612
0.996769
0.996769
0.996769
0.996769
0.996769
0.996769
0.996769
0.996769
0.996769
0.996769
0.996769
0.996769
0.996769
0.996769
0.9975767
0.9975767
0.9975767
0.9975767
0.9975767
0.9975767
0.9975767
0.9975767
0.9975767
0.9975767
0.9975767
0.9975767
0.9975767
0.9975767
0.9975767
0.9975767
0.9975767
0.9975767
0.9975767
0.9975767
0.9975767
0.9975767
0.9975767
0.9975767
0.9975767
0.9983845
0.9983845
0.9991922
0.9991922
0.9991922
0.9991922
0.9991922
0.9991922
0.9991922
0.9991922
0.9991922
0.9991922
0.9991922
0.9991922
0.9991922
0.9991922
0.9991922
0.9991922
0.9991922
0.9991922
0.9991922
0.9991922
0.9991922
0.9991922
0.9991922
0.9991922
0.9991922
1
1
1
1
1
1
1
1
1
1
1
1
1
1
1
1
1
1
1
1
1
1
1
1
1
1
1
1
1
1
1
1
1
1
1
1
1
1
1
1
1
1
1
1
1
1
1
1
1
1
1
1
1
1
1
1
1
1
1
1
1
1
1
1
1
1
1
1
1
1
1
1
1
1
1
1
1
1
1
1
1
1
1
1
1
1
1
1
1
1
1
1
1
1
1
1
1
1
1
1
1
1
1
1
1
1
1
1
1
1
1
1
1
1
1
1
1
1
1
1
1
1
1
1
1
1
1
1
1
1
1
1
1
1
1
1
1
1
1
1
1
1
1
1
1
1
1
1
1
1
1
1
1
1
1
1
1
1
1
1
1
1
1
1
1
1
1
1
1
1
1
1
1
1
1
1
1
1
1
1
1
1
1
1
1
1
1
1
1
1
1
1
1
1
1
1
1
1
1
1
1
1
1
1
1
1
1
1
1
1
1
1
1
1
1
1
1
1
1
1
1
1
1
1
1
1
1
1
1
1
1
1
1
1
1
1
1
1
1
1
1
1
1
1
1
1
1
1
1
1
1
1
1
1
1
1
1
1
1
1
1
1
1
1
1
1
1
1
1
1
1
1
1
1
1
1
1
1
1
1
1
1
1
1
1
1
1
1
1
1
1
1
1
1
1
1
1
1
1
1
1
1
1
1
1
1
1
1
1
1
1
1
1
1
1
1
1
1
1
1
1
