0.1805447
0.4459144
0.5688716
0.6583658
0.7214008
0.7898833
0.8249027
0.8529183
0.8809339
0.8957198
0.9035019
0.9159533
0.9198444
0.9284047
0.9307393
0.9361868
0.940856
0.9455253
0.9525292
0.955642
0.9595331
0.9618677
0.9626459
0.9634241
0.9634241
0.9642023
0.9657588
0.966537
0.9680934
0.9696498
0.970428
0.9743191
0.9750973
0.9766537
0.9766537
0.9766537
0.9766537
0.9789883
0.9797665
0.9828794
0.9828794
0.9828794
0.985214
0.985214
0.985214
0.985214
0.9859922
0.9867704
0.9867704
0.9883268
0.9883268
0.9891051
0.9898833
0.9914397
0.9914397
0.9922179
0.9922179
0.9922179
0.9922179
0.9922179
0.9929961
0.9929961
0.9937743
0.9937743
0.9945525
0.9945525
0.9945525
0.9945525
0.9945525
0.9945525
0.9945525
0.9953307
0.9961089
0.9961089
0.9968872
0.9976654
0.9976654
0.9976654
0.9976654
0.9976654
0.9976654
0.9976654
0.9976654
0.9976654
0.9976654
0.9976654
0.9976654
0.9976654
0.9976654
0.9976654
0.9984436
0.9984436
0.9992218
0.9992218
0.9992218
0.9992218
0.9992218
0.9992218
0.9992218
0.9992218
0.9992218
0.9992218
0.9992218
0.9992218
0.9992218
0.9992218
0.9992218
0.9992218
1
1
