0.1840491
0.4805726
0.6175869
0.7443763
0.795501
0.8404908
0.8691207
0.9018405
0.9141104
0.9345603
0.9366053
0.9488753
0.9529652
0.9591002
0.9652352
0.9693252
0.9754601
0.9836401
0.9856851
0.9897751
0.99182
0.99182
0.99182
0.99182
0.99182
0.99182
0.99182
0.99591
0.99591
0.99591
0.99591
0.997955
0.997955
0.997955
0.997955
0.997955
0.997955
0.997955
0.997955
0.997955
0.997955
0.997955
0.997955
1
1
1
1
1
1
1
1
1
1
1
1
1
1
1
1
1
1
1
1
1
1
1
1
1
1
1
1
1
1
1
1
1
1
1
1
1
1
1
1
1
1
1
1
1
1
1
1
1
1
1
1
1
1
1
1
1
1
1
1
1
1
1
1
1
1
1
1
1
1
1
1
1
1
1
1
1
1
1
1
1
1
1
1
1
1
1
1
1
1
1
1
1
1
1
1
1
1
1
1
1
1
1
1
