0.2438581
0.5031847
0.6369427
0.7270246
0.7606915
0.8070974
0.833485
0.8607825
0.8744313
0.8926297
0.9153776
0.9299363
0.9426752
0.9499545
0.9545041
0.9617834
0.9645132
0.9690628
0.9708826
0.9736124
0.9745223
0.9754322
0.9754322
0.978162
0.9799818
0.9808917
0.9808917
0.9818016
0.9836215
0.9854413
0.9854413
0.9881711
0.989081
0.989081
0.989081
0.9909008
0.9918107
0.9918107
0.9918107
0.9936306
0.9936306
0.9936306
0.9945405
0.9954504
0.9963603
0.9972702
0.9981802
0.9981802
0.9981802
0.9981802
0.9981802
0.9981802
0.9981802
0.9981802
0.9990901
0.9990901
0.9990901
0.9990901
0.9990901
0.9990901
0.9990901
0.9990901
0.9990901
0.9990901
0.9990901
0.9990901
0.9990901
0.9990901
0.9990901
0.9990901
0.9990901
0.9990901
0.9990901
0.9990901
0.9990901
0.9990901
0.9990901
0.9990901
0.9990901
0.9990901
0.9990901
0.9990901
0.9990901
0.9990901
0.9990901
0.9990901
0.9990901
0.9990901
1
1
1
1
1
1
1
1
1
1
1
1
1
1
1
1
1
1
1
1
1
1
1
1
1
1
1
1
1
1
1
1
1
1
1
1
1
1
1
1
1
1
1
1
1
1
1
1
1
1
1
1
1
1
1
1
1
1
1
1
1
1
1
1
1
1
1
1
1
1
1
1
1
1
1
1
1
1
1
1
1
1
