0.1138132
0.3287938
0.4474708
0.5787938
0.6459144
0.7480545
0.7840467
0.8326848
0.8550584
0.8832685
0.8968872
0.9114786
0.9182879
0.92607
0.9348249
0.9445525
0.9474708
0.9513619
0.9562257
0.9601167
0.9610895
0.9640078
0.9659533
0.9688716
0.9727626
0.9737354
0.9747082
0.9756809
0.9756809
0.979572
0.9824903
0.9844358
0.9854086
0.9883268
0.9883268
0.9883268
0.9902724
0.9922179
0.9922179
0.9922179
0.9922179
0.9922179
0.9922179
0.9922179
0.9922179
0.9922179
0.9922179
0.9922179
0.9922179
0.9931907
0.9931907
0.9931907
0.9931907
0.9931907
0.9941634
0.9951362
0.9951362
0.9951362
0.9961089
0.9961089
0.9970817
0.9980545
0.9990272
0.9990272
0.9990272
0.9990272
0.9990272
0.9990272
0.9990272
0.9990272
0.9990272
0.9990272
0.9990272
0.9990272
0.9990272
0.9990272
0.9990272
1
1
1
1
1
1
1
1
1
1
1
1
1
1
1
1
1
1
