0.1876607
0.3637532
0.4832905
0.6105398
0.6786632
0.751928
0.8033419
0.8380463
0.8676093
0.8984576
0.9061697
0.9203085
0.933162
0.9434447
0.9562982
0.9614396
0.9627249
0.9691517
0.9742931
0.9755784
0.9768638
0.9794344
0.9807198
0.9807198
0.9807198
0.9832905
0.9832905
0.9845758
0.9845758
0.9858612
0.9871465
0.9871465
0.9871465
0.9871465
0.9884319
0.9884319
0.9884319
0.9884319
0.9884319
0.9884319
0.9910026
0.9910026
0.9910026
0.9922879
0.9935733
0.9935733
0.9935733
0.9935733
0.9935733
0.9935733
0.9948586
0.9948586
0.9948586
0.996144
0.996144
0.996144
0.996144
0.996144
0.996144
0.996144
0.996144
0.996144
0.996144
0.996144
0.996144
0.996144
0.996144
0.996144
0.996144
0.996144
0.996144
0.996144
0.996144
0.996144
0.996144
0.996144
0.996144
0.996144
0.996144
0.996144
0.996144
0.996144
0.9974293
0.9974293
0.9974293
0.9974293
0.9974293
0.9974293
0.9974293
0.9974293
0.9974293
0.9974293
0.9974293
0.9974293
0.9974293
0.9987147
0.9987147
0.9987147
0.9987147
0.9987147
0.9987147
0.9987147
0.9987147
0.9987147
0.9987147
0.9987147
1
1
1
1
1
1
1
1
1
1
1
1
1
1
1
1
1
1
1
1
1
1
1
1
1
1
1
1
1
1
1
1
1
1
1
1
1
1
1
1
1
1
1
1
1
1
1
1
1
1
1
1
1
1
1
1
1
1
1
1
1
1
1
1
1
1
1
1
1
1
1
1
1
1
1
1
1
1
1
1
1
1
1
1
1
1
1
1
1
1
1
1
1
1
1
1
1
1
1
1
1
1
1
1
1
