0.692926
0.7122186
0.7299035
0.7524116
0.7636656
0.7749196
0.8135048
0.8199357
0.8199357
0.8327974
0.8536977
0.8536977
0.8553055
0.8681672
0.8729904
0.8729904
0.9163987
0.9163987
0.9163987
0.9180064
0.9389068
0.9389068
0.9389068
0.9389068
0.9389068
0.9389068
0.9405145
0.9405145
0.9421222
0.9421222
0.9453376
0.9453376
0.9453376
0.9839228
0.9839228
0.9839228
0.9839228
0.9839228
0.9839228
0.9839228
0.9839228
0.9839228
0.9839228
0.9839228
0.9839228
0.9839228
0.9839228
0.9839228
0.9839228
0.9839228
0.9919614
0.9919614
0.9919614
0.9919614
0.9919614
0.9919614
0.9919614
0.9919614
0.9919614
0.9919614
0.9935691
0.9935691
0.9935691
0.9935691
0.9935691
0.9935691
1
1
1
1
1
1
1
1
1
1
1
1
1
1
1
1
1
1
1
1
1
1
1
1
1
1
1
1
1
1
1
1
1
1
