0.8094758
0.8175403
0.8296371
0.8427419
0.8518145
0.8548387
0.8739919
0.8770161
0.8790323
0.8860887
0.9042339
0.9052419
0.9052419
0.9102823
0.9112903
0.9112903
0.9506048
0.9506048
0.9506048
0.9506048
0.9576613
0.9576613
0.9576613
0.9576613
0.9576613
0.9576613
0.9586694
0.9586694
0.9596774
0.9596774
0.9606855
0.9606855
0.9606855
0.9899194
0.9899194
0.9909274
0.9909274
0.9909274
0.9909274
0.9909274
0.9929435
0.9929435
0.9929435
0.9929435
0.9929435
0.9929435
0.9929435
0.9929435
0.9929435
0.9929435
0.9929435
0.9929435
0.9929435
0.9929435
0.9929435
0.9929435
0.9929435
0.9929435
0.9929435
0.9929435
0.9929435
0.9929435
0.9929435
0.9929435
0.9929435
0.9929435
1
1
1
1
1
1
1
1
1
1
1
1
1
1
1
1
1
1
1
1
1
1
1
1
1
1
1
1
1
1
1
1
1
1
