0.7685739
0.7779675
0.7830914
0.7959009
0.8044406
0.8087105
0.8274979
0.8300598
0.8326217
0.8385995
0.8625107
0.8650726
0.8659266
0.8753202
0.8787361
0.8804441
0.9316823
0.9342442
0.9342442
0.9342442
0.94193
0.9427839
0.9427839
0.9444919
0.9444919
0.9444919
0.9453459
0.9453459
0.9461998
0.9461998
0.9496157
0.9496157
0.9504697
0.9837746
0.9837746
0.9837746
0.9837746
0.9837746
0.9837746
0.9837746
0.9863365
0.9863365
0.9863365
0.9863365
0.9863365
0.9863365
0.9863365
0.9863365
0.9863365
0.9863365
0.9931682
0.9931682
0.9931682
0.9931682
0.9931682
0.9931682
0.9931682
0.9931682
0.9931682
0.9931682
0.9931682
0.9931682
0.9931682
0.9931682
0.9931682
0.9931682
1
1
1
1
1
1
1
1
1
1
1
1
1
1
1
1
1
1
1
1
1
1
1
1
1
1
1
1
1
1
1
1
1
1
