0.8158116
0.824222
0.8334735
0.8452481
0.8578638
0.86291
0.8746846
0.8788898
0.882254
0.8898234
0.9125315
0.9142136
0.9142136
0.9234651
0.9276703
0.9285114
0.960471
0.961312
0.961312
0.961312
0.9705635
0.9705635
0.9705635
0.9705635
0.9705635
0.9705635
0.9722456
0.9722456
0.9722456
0.9722456
0.9730866
0.9730866
0.9730866
0.9949537
0.9949537
0.9949537
0.9949537
0.9949537
0.9949537
0.9949537
0.9957948
0.9957948
0.9957948
0.9957948
0.9957948
0.9957948
0.9957948
0.9957948
0.9957948
0.9957948
0.9974769
0.9974769
0.9974769
0.9974769
0.9974769
0.9974769
0.9974769
0.9974769
0.9974769
0.9974769
0.9974769
0.9974769
0.9974769
0.9974769
0.9974769
0.9974769
1
1
1
1
1
1
1
1
1
1
1
1
1
1
1
1
1
1
1
1
1
1
1
1
1
1
1
1
1
1
1
1
1
1
