0.8097561
0.8186992
0.8284553
0.8439024
0.8544715
0.8577236
0.8772358
0.8829268
0.8894309
0.8926829
0.9130081
0.9146341
0.9146341
0.9162602
0.9203252
0.9203252
0.9520325
0.9552846
0.9552846
0.9569106
0.9609756
0.9609756
0.9609756
0.9634146
0.9634146
0.9634146
0.9658537
0.9658537
0.9658537
0.9658537
0.9666667
0.9666667
0.9666667
0.9894309
0.9894309
0.9894309
0.9894309
0.9894309
0.9894309
0.9894309
0.9902439
0.9902439
0.9902439
0.9902439
0.9902439
0.9902439
0.9902439
0.9902439
0.9902439
0.9902439
0.9926829
0.9926829
0.9926829
0.9926829
0.9926829
0.9926829
0.9926829
0.9926829
0.9926829
0.9926829
0.9926829
0.9926829
0.9926829
0.9926829
0.9926829
0.9926829
1
1
1
1
1
1
1
1
1
1
1
1
1
1
1
1
1
1
1
1
1
1
1
1
1
1
1
1
1
1
1
1
1
1
