0.7875536
0.7939914
0.804721
0.8240343
0.8390558
0.8390558
0.860515
0.8626609
0.8669528
0.8755365
0.9012876
0.9034335
0.9034335
0.9055794
0.9077253
0.9077253
0.9613734
0.9613734
0.9613734
0.9613734
0.9699571
0.9699571
0.9699571
0.9699571
0.9699571
0.9699571
0.9699571
0.9699571
0.9699571
0.9699571
0.9699571
0.9699571
0.9699571
0.9914163
0.9914163
0.9914163
0.9914163
0.9914163
0.9914163
0.9914163
0.9914163
0.9914163
0.9914163
0.9914163
0.9914163
0.9914163
0.9914163
0.9914163
0.9914163
0.9914163
0.9957082
0.9957082
0.9957082
0.9957082
0.9957082
0.9957082
0.9957082
0.9957082
0.9957082
0.9957082
0.9957082
0.9957082
0.9957082
0.9957082
0.9957082
0.9957082
1
1
1
1
1
1
1
1
1
1
1
1
1
1
1
1
1
1
1
1
1
1
1
1
1
1
1
1
1
1
1
1
1
1
