0.8330153
0.8377863
0.8454198
0.8587786
0.870229
0.8721374
0.8912214
0.8950382
0.898855
0.9017176
0.9236641
0.9236641
0.9236641
0.9246183
0.9255725
0.9255725
0.9685115
0.9704198
0.9704198
0.9704198
0.9742366
0.9742366
0.9751908
0.976145
0.976145
0.976145
0.976145
0.976145
0.976145
0.976145
0.9790076
0.9790076
0.9790076
0.9933206
0.9933206
0.9933206
0.9933206
0.9933206
0.9933206
0.9933206
0.9933206
0.9933206
0.9933206
0.9933206
0.9933206
0.9933206
0.9933206
0.9933206
0.9933206
0.9933206
0.9961832
0.9961832
0.9961832
0.9961832
0.9961832
0.9961832
0.9961832
0.9961832
0.9961832
0.9961832
0.9961832
0.9961832
0.9961832
0.9961832
0.9961832
0.9961832
1
1
1
1
1
1
1
1
1
1
1
1
1
1
1
1
1
1
1
1
1
1
1
1
1
1
1
1
1
1
1
1
1
1
