0.7536082
0.7608247
0.7742268
0.7927835
0.8051546
0.8134021
0.8391753
0.8443299
0.8484536
0.8525773
0.885567
0.8865979
0.8865979
0.8979381
0.9010309
0.9030928
0.9608247
0.9618557
0.9618557
0.9618557
0.9701031
0.971134
0.971134
0.971134
0.971134
0.971134
0.971134
0.971134
0.971134
0.971134
0.9731959
0.9731959
0.9731959
0.9907216
0.9907216
0.9907216
0.9907216
0.9907216
0.9907216
0.9907216
0.9907216
0.9907216
0.9907216
0.9907216
0.9907216
0.9907216
0.9907216
0.9907216
0.9907216
0.9907216
0.9927835
0.9927835
0.9927835
0.9927835
0.9927835
0.9927835
0.9927835
0.9927835
0.9927835
0.9927835
0.9938144
0.9938144
0.9938144
0.9938144
0.9938144
0.9938144
1
1
1
1
1
1
1
1
1
1
1
1
1
1
1
1
1
1
1
1
1
1
1
1
1
1
1
1
1
1
1
1
1
1
