0.7156727
0.7281553
0.742025
0.7614424
0.7753121
0.7808599
0.815534
0.8252427
0.8294036
0.8349515
0.8613037
0.8626907
0.8640777
0.8793343
0.8862691
0.8862691
0.9445215
0.9459085
0.9459085
0.9459085
0.9570042
0.9583911
0.9583911
0.9583911
0.9583911
0.9583911
0.9583911
0.9583911
0.9583911
0.9583911
0.9597781
0.9597781
0.9597781
0.9916782
0.9916782
0.9916782
0.9916782
0.9916782
0.9916782
0.9916782
0.9916782
0.9916782
0.9916782
0.9916782
0.9916782
0.9916782
0.9916782
0.9916782
0.9916782
0.9916782
0.9930652
0.9930652
0.9930652
0.9930652
0.9930652
0.9930652
0.9930652
0.9930652
0.9930652
0.9930652
0.9930652
0.9930652
0.9930652
0.9930652
0.9930652
0.9930652
1
1
1
1
1
1
1
1
1
1
1
1
1
1
1
1
1
1
1
1
1
1
1
1
1
1
1
1
1
1
1
1
1
1
