0.1898148
0.4212963
0.5493827
0.6666667
0.7145062
0.7808642
0.8101852
0.8533951
0.8719136
0.8888889
0.8981481
0.9151235
0.9197531
0.9351852
0.9398148
0.9429012
0.9475309
0.9506173
0.9537037
0.9552469
0.9583333
0.9598765
0.9598765
0.9614198
0.962963
0.962963
0.9660494
0.9675926
0.9691358
0.9722222
0.9737654
0.9753086
0.9753086
0.9768519
0.9768519
0.9768519
0.9768519
0.9783951
0.9814815
0.9830247
0.9830247
0.9830247
0.9830247
0.9845679
0.9845679
0.9861111
0.9861111
0.9861111
0.9861111
0.9876543
0.9876543
0.9876543
0.9891975
0.9907407
0.9907407
0.9907407
0.9907407
0.9907407
0.9907407
0.992284
0.9938272
0.9938272
0.9938272
0.9938272
0.9938272
0.9953704
0.9953704
0.9953704
0.9953704
0.9953704
0.9953704
0.9953704
0.9953704
0.9953704
0.9953704
0.9953704
0.9953704
0.9953704
0.9953704
0.9953704
0.9953704
0.9953704
0.9953704
0.9953704
0.9969136
0.9969136
0.9969136
0.9969136
0.9969136
0.9969136
0.9969136
0.9984568
0.9984568
0.9984568
0.9984568
1
1
1
1
1
1
1
1
1
1
1
1
1
1
1
1
1
1
1
1
1
1
1
1
1
1
1
1
1
1
1
1
1
1
1
1
1
1
1
1
1
1
1
1
1
1
